ratoAleatorioCPP
169
6 4
7 4
6 4
7 4
7 5
7 6
7 7
8 7
7 7
8 7
7 7
8 7
7 7
7 6
7 5
7 4
6 4
7 4
6 4
6 3
6 2
6 3
6 4
6 3
6 2
6 3
6 4
7 4
7 5
7 6
7 7
7 6
7 5
7 4
7 5
7 6
7 7
7 6
7 5
7 4
7 5
7 6
7 7
7 6
7 5
7 4
6 4
7 4
7 5
7 6
7 7
8 7
7 7
8 7
7 7
8 7
7 7
8 7
8 8
8 9
8 8
8 7
7 7
7 6
7 5
7 4
7 5
7 6
7 7
7 6
7 5
7 4
6 4
6 3
6 2
6 3
6 4
6 3
6 2
6 3
6 4
7 4
6 4
7 4
7 5
7 6
7 7
8 7
8 8
8 9
9 9
9 10
9 11
10 11
9 11
9 10
9 9
8 9
8 8
8 7
8 8
8 9
8 8
8 7
8 8
8 9
9 9
9 10
9 11
10 11
9 11
10 11
10 12
10 13
10 14
10 15
9 15
9 14
8 14
9 14
8 14
7 14
6 14
6 15
7 15
6 15
5 15
4 15
5 15
6 15
6 14
7 14
7 15
8 15
8 14
7 14
8 14
7 14
7 15
6 15
7 15
7 14
7 15
6 15
5 15
5 14
4 14
5 14
6 14
5 14
5 15
5 14
4 14
5 14
4 14
4 15
4 14
3 14
2 14
3 14
2 14
2 15
2 16
2 17
2 18
2 19
2 20
2 21
2 22
