ratoAleatorioPython
227
6 4
6 3
6 2
5 2
5 1
5 2
6 2
5 2
5 1
4 1
4 0
3 0
2 0
1 0
0 0
0 1
0 2
0 3
0 4
0 5
0 6
0 7
0 8
0 9
0 10
0 11
0 12
0 13
0 14
0 13
0 12
0 11
0 10
0 9
0 8
0 7
0 6
0 5
0 4
0 3
0 2
0 1
0 0
0 1
0 2
0 3
0 4
0 5
0 6
0 7
0 8
0 9
0 10
0 11
0 12
0 13
0 14
1 14
1 15
0 15
0 14
1 14
0 14
0 15
0 14
0 13
0 12
0 11
0 10
0 9
0 8
0 7
0 6
0 5
0 4
0 3
0 2
0 1
0 0
1 0
2 0
3 0
4 0
3 0
2 0
3 0
4 0
3 0
2 0
2 1
2 2
2 3
2 4
2 5
2 6
2 7
2 8
2 9
2 10
2 11
2 12
2 13
2 14
3 14
3 15
2 15
1 15
0 15
0 16
0 17
0 18
0 19
0 20
0 21
0 22
0 21
0 20
0 19
0 18
0 17
0 16
0 15
0 14
1 14
1 15
2 15
2 14
2 13
2 12
2 11
2 10
2 9
2 8
2 7
2 8
2 9
2 10
2 11
2 12
2 13
2 14
3 14
3 15
3 14
4 14
5 14
5 15
6 15
5 15
5 14
6 14
5 14
5 15
6 15
7 15
6 15
6 14
5 14
6 14
5 14
5 15
4 15
3 15
2 15
3 15
2 15
3 15
3 14
2 14
2 15
3 15
4 15
4 14
3 14
3 15
3 14
2 14
3 14
2 14
3 14
3 15
3 14
2 14
2 13
2 12
2 11
2 10
2 9
2 8
2 7
2 6
2 5
2 4
2 3
2 2
2 1
2 0
2 1
2 2
2 3
2 4
2 5
2 6
2 7
1 7
0 7
0 8
0 9
0 10
0 11
0 12
0 13
0 14
1 14
0 14
1 14
1 15
0 15
0 16
0 17
0 18
0 19
0 20
0 21
0 22
1 22
2 22
